# SliceNo TotalCS [TestCase Fork Call MemoryOp] [CacheLookup SATSolver]
0 89.120  17.760 49.430 19.520 17.900  1.290 28.110
1 86.940  27.780 43.360 27.940 12.860  0.680 33.040
2 84.280  0.000 60.400 1.930 21.940  0.820 28.670
3 86.270  26.690 23.980 0.000 6.390  0.540 33.820
4 86.450  20.540 41.630 21.750 17.900  1.190 33.120
5 88.800  0.000 38.150 0.000 6.240  0.890 35.360
6 89.560  10.760 33.970 10.760 0.000  0.840 34.790
7 86.060  52.730 20.310 52.950 13.470  0.660 36.430
8 84.150  0.000 48.620 0.000 14.540  1.320 31.900
9 84.190  0.000 65.810 0.750 16.380  0.780 32.060
10 87.950  79.400 6.700 79.400 2.010  0.000 38.830
11 86.660  21.980 12.060 22.150 4.840  0.750 39.210
12 85.620  0.000 43.410 8.770 24.360  0.650 33.510
13 86.610  30.270 45.190 38.730 3.030  0.930 35.620
14 88.440  44.840 20.810 44.910 13.720  0.570 41.080
15 87.690  0.000 67.860 0.000 12.190  0.920 36.830
16 84.380  0.000 57.160 0.000 17.870  1.020 34.350
17 83.970  0.000 69.780 0.980 13.820  1.500 31.080
18 84.630  0.000 51.570 0.000 20.210  1.120 30.350
19 86.840  0.000 67.940 0.000 9.220  1.240 36.390
20 87.500  0.000 15.730 0.000 2.180  0.910 38.200
21 86.960  0.000 73.540 0.000 3.420  1.390 35.940
22 85.560  19.720 52.170 27.650 6.360  1.060 34.850
23 80.290  0.000 67.620 1.560 11.840  1.390 27.770
24 90.650  90.720 0.000 90.720 0.000  0.000 43.350
25 84.280  2.550 62.380 2.610 8.420  0.650 37.250
26 88.470  88.690 0.000 88.690 0.000  0.000 42.850
27 83.020  4.260 72.820 4.410 6.320  0.780 29.340
28 87.710  24.580 5.260 0.000 4.530  0.730 39.950
29 85.600  54.760 27.950 0.000 3.310  0.780 36.860
30 82.430  0.000 50.830 1.640 16.840  1.190 30.460
31 87.270  0.000 17.760 0.000 3.400  0.000 38.520
32 89.490  68.900 0.720 0.000 0.000  0.000 41.570
33 89.310  0.000 21.310 0.000 2.610  0.680 41.700
34 81.890  0.000 49.970 0.000 7.140  0.960 29.700
35 86.260  0.000 69.120 0.000 13.420  0.760 37.830
36 88.230  0.000 46.470 0.000 18.930  0.750 38.830
37 85.720  0.000 20.140 0.000 4.990  0.960 37.680
38 84.890  0.000 71.120 2.660 9.570  1.690 36.880
39 89.360  81.640 2.860 81.660 4.910  0.000 39.940
40 86.050  35.740 45.490 35.840 5.290  1.050 35.410
41 83.140  0.000 52.790 0.000 18.360  1.620 37.760
42 86.060  11.860 62.070 20.780 3.570  0.890 40.290
43 89.660  0.000 2.030 0.000 0.000  0.000 47.720
44 83.580  0.000 42.060 0.000 17.620  1.240 35.920
45 84.780  0.000 51.530 0.000 19.060  1.680 39.120
46 80.860  0.000 72.970 0.000 8.100  1.050 32.670
47 83.300  68.940 4.980 68.940 9.460  0.580 37.920
48 88.940  86.890 2.160 86.980 0.000  0.790 43.180
49 83.820  0.000 81.470 0.000 2.450  0.960 37.650
50 86.240  0.000 55.370 0.000 4.500  0.000 38.970
51 85.840  59.410 16.180 0.000 7.070  0.710 37.170
52 80.910  0.000 71.110 0.000 10.230  1.810 30.200
53 87.710  85.100 1.410 85.100 1.410  0.000 42.090
54 76.530  0.000 35.220 0.000 13.460  1.130 31.200
55 86.160  10.990 11.680 10.990 2.480  0.000 40.270
56 81.280  63.850 17.650 64.050 0.000  0.000 34.630
57 77.070  0.000 71.030 0.000 6.230  1.540 31.030
58 73.100  0.000 52.110 3.860 17.690  1.420 26.950
59 72.490  0.000 72.190 0.000 0.750  1.650 25.360

