#SliceNo TotalCS [TestCase Fork Call MemoryOp] [CacheLookup SATSolver] Main LibC ExecInstr
0 89.120  17.760 49.430 19.520 17.900  1.290 28.110  90.910 7.450 90.600
1 86.940  27.780 43.360 27.940 12.860  0.680 33.040  89.670 9.140 88.490
2 84.280  0.000 60.400 1.930 21.940  0.820 28.670  85.870 12.360 85.210
3 86.270  26.690 23.980 0.000 6.390  0.540 33.820  87.400 11.650 60.020
4 86.450  20.540 41.630 21.750 17.900  1.190 33.120  88.930 10.090 87.160
5 88.800  0.000 38.150 0.000 6.240  0.890 35.360  90.520 8.620 89.190
6 89.560  10.760 33.970 10.760 0.000  0.840 34.790  90.860 8.190 89.860
7 86.060  52.730 20.310 52.950 13.470  0.660 36.430  87.240 11.530 86.840
8 84.150  0.000 48.620 0.000 14.540  1.320 31.900  86.310 12.530 84.690
9 84.190  0.000 65.810 0.750 16.380  0.780 32.060  85.720 13.310 84.580
10 87.950  79.400 6.700 79.400 2.010  0.000 38.830  88.280 10.410 88.120
11 86.660  21.980 12.060 22.150 4.840  0.750 39.210  87.700 10.960 87.340
12 85.620  0.000 43.410 8.770 24.360  0.650 33.510  86.650 11.970 85.930
13 86.610  30.270 45.190 38.730 3.030  0.930 35.620  87.660 11.120 86.990
14 88.440  44.840 20.810 44.910 13.720  0.570 41.080  89.530 9.400 89.000
15 87.690  0.000 67.860 0.000 12.190  0.920 36.830  88.350 10.250 87.860
16 84.380  0.000 57.160 0.000 17.870  1.020 34.350  85.040 13.450 84.800
17 83.970  0.000 69.780 0.980 13.820  1.500 31.080  85.240 13.140 84.680
18 84.630  0.000 51.570 0.000 20.210  1.120 30.350  85.770 12.490 85.100
19 86.840  0.000 67.940 0.000 9.220  1.240 36.390  87.910 10.740 87.270
20 87.500  0.000 15.730 0.000 2.180  0.910 38.200  88.090 10.830 87.940
21 86.960  0.000 73.540 0.000 3.420  1.390 35.940  89.070 9.960 87.600
22 85.560  19.720 52.170 27.650 6.360  1.060 34.850  87.180 11.970 86.380
23 80.290  0.000 67.620 1.560 11.840  1.390 27.770  82.490 16.680 81.080
24 90.650  90.720 0.000 90.720 0.000  0.000 43.350  90.720 8.670 90.720
25 84.280  2.550 62.380 2.610 8.420  0.650 37.250  85.310 12.380 84.530
26 88.470  88.690 0.000 88.690 0.000  0.000 42.850  88.690 10.670 88.690
27 83.020  4.260 72.820 4.410 6.320  0.780 29.340  84.730 14.380 83.750
28 87.710  24.580 5.260 0.000 4.530  0.730 39.950  88.130 11.110 63.360
29 85.600  54.760 27.950 0.000 3.310  0.780 36.860  87.020 12.220 31.340
30 82.430  0.000 50.830 1.640 16.840  1.190 30.460  84.130 14.910 82.840
31 87.270  0.000 17.760 0.000 3.400  0.000 38.520  87.860 11.310 87.330
32 89.490  68.900 0.720 0.000 0.000  0.000 41.570  89.570 9.840 20.630
33 89.310  0.000 21.310 0.000 2.610  0.680 41.700  89.780 9.490 89.430
34 81.890  0.000 49.970 0.000 7.140  0.960 29.700  83.510 15.650 82.230
35 86.260  0.000 69.120 0.000 13.420  0.760 37.830  87.330 11.960 86.650
36 88.230  0.000 46.470 0.000 18.930  0.750 38.830  88.870 10.450 88.390
37 85.720  0.000 20.140 0.000 4.990  0.960 37.680  86.720 12.490 85.930
38 84.890  0.000 71.120 2.660 9.570  1.690 36.880  86.260 12.910 85.380
39 89.360  81.640 2.860 81.660 4.910  0.000 39.940  89.430 9.720 89.430
40 86.050  35.740 45.490 35.840 5.290  1.050 35.410  87.500 11.580 86.670
41 83.140  0.000 52.790 0.000 18.360  1.620 37.760  86.000 13.220 83.380
42 86.060  11.860 62.070 20.780 3.570  0.890 40.290  86.790 12.500 86.470
43 89.660  0.000 2.030 0.000 0.000  0.000 47.720  89.790 9.550 89.760
44 83.580  0.000 42.060 0.000 17.620  1.240 35.920  84.730 14.420 83.860
45 84.780  0.000 51.530 0.000 19.060  1.680 39.120  86.050 13.110 85.310
46 80.860  0.000 72.970 0.000 8.100  1.050 32.670  82.050 17.070 81.130
47 83.300  68.940 4.980 68.940 9.460  0.580 37.920  83.440 15.820 83.370
48 88.940  86.890 2.160 86.980 0.000  0.790 43.180  89.420 9.870 89.350
49 83.820  0.000 81.470 0.000 2.450  0.960 37.650  84.620 14.660 83.950
50 86.240  0.000 55.370 0.000 4.500  0.000 38.970  86.910 12.430 86.400
51 85.840  59.410 16.180 0.000 7.070  0.710 37.170  87.230 11.930 26.900
52 80.910  0.000 71.110 0.000 10.230  1.810 30.200  83.000 15.880 81.580
53 87.710  85.100 1.410 85.100 1.410  0.000 42.090  88.020 11.380 87.910
54 76.530  0.000 35.220 0.000 13.460  1.130 31.200  84.090 15.070 77.270
55 86.160  10.990 11.680 10.990 2.480  0.000 40.270  87.720 11.680 86.210
56 81.280  63.850 17.650 64.050 0.000  0.000 34.630  86.520 12.850 81.790
57 77.070  0.000 71.030 0.000 6.230  1.540 31.030  84.370 14.650 77.440
58 73.100  0.000 52.110 3.860 17.690  1.420 26.950  80.520 18.530 73.740
59 72.490  0.000 72.190 0.000 0.750  1.650 25.360  83.180 15.960 73.060

